3536807
3536794
3536793
3536791
3536789
3536788
3536786
3536785
3536784
3536783
3536782
3536777
3536776
3536775
3536774
3536773
3536772
3536771
3536770
3536769
3536767
3536766
3536763
3536762
3536760
3536759
3536757
3536755
3536754
3536753
3536752
3536749
3536747
3536746
3536745
3536744
3536742
3536741
3536739
3536738
3536737
3536736
3536735
3536734
3536733
3536732
3536731
3536730
3536729
3536726
3536725
3536724
3536723
3536722
3536721
3536719
3536717
3536716
3536714
3536713
3536712
3536711
3536710
3536708
3536707
3536706
3536704
3536701
3536700
3536699
3536698
3536696
3536695
3536694
3536693
3536691
3536690
3536689
3536687
3536686
3536685
3536683
3536682
3536681
3536680
3536679
3536677
3536676
3536675
3536674
3536673
3536670
3536667
3536666
3536665
3536664
3536663
3536662
3536661
3536660
3536659
3536658
3536657
3536656
3536655
3536654
3536653
3536650
3536649
3536648
3536646
3536644
3536643
3536640
3536639
3536638
3536637
3536636
3536635
3536634
3536632
3536631
3536630
3536629
3536627
3536626
3536625
3536624
3536623
3536622
3536621
3536620
3536619
3536618
3536616
3536615
3536614
3536613
3536612
3536611
3536610
3536608
3536607
3536606
3536605
3536602
3536601
3536600
3536599
3536598
3536597
3536596
3536595
3536593
3536592
3536591
3536589
3536588
3536587
3536586
3536585
3536583
3536582
3536580
3536571
3536569
3536568
3536567
3536565
3536563
3536562
3536561
3536559
3536557
3536556
3536555
3536552
3536551
3536550
3536549
3536548
3536547
3536546
3536545
3536544
3536543
3536541
3536540
3536539
3536538
3536537
3536535
3536534
3536533
3536532
3536530
3536529
3536528
3536527
3536526
3536525
3536524
3536521
3536520
3536519
3536518
3536517
3536516
3536513
3536512
3536511
3536510
3536509
3536508
3536507
3536505
3536504
3536503
3536501
3536500
3536498
3536497
3536495
3536494
3536493
3536492
3536488
3536480
3536478
3536475
3536469
3536467
3536465
3536458
3536457
3536452
3536451
3536450
3536449
3536446
3536444
3536443
3536441
3536440
3536435
3536434
3536433
3536431
3536429
3536428
3536427
3536426
3536421
3536419
3536418
3536417
3536414
3536413
3536410
3536408
3536407
3536406
3536405
3536402
3536400
3536398
3536397
3536396
3536395
3536394
3536392
3536386
3536385
3536384
3536383
3536381
3536380
3536378
3536377
3536376
3536375
3536373
3536372
3536370
3536369
3536368
3536367
3536366
3536364
3536363
3536362
3536360
3536359
3536358
3536356
3536355
3536352
3536351
3536350
3536349
3536348
3536345
3536344
3536343
3536342
3536341
3536340
3536336
3536335
3536334
3536332
3536331
3536329
3536328
3536325
3536324
3536323
3536322
3536321
3536319
3536318
3536317
3536315
3536314
3536313
3536312
3536311
3536310
3536309
3536308
3536307
3536306
3536305
3536304
3536303
3536302
3536301
3536300
3536299
3536298
3536296
3536295
3536293
3536292
3536291
3536290
3536289
3536287
3536286
3536285
3536284
3536283
3536281
3536280
3536279
3536276
3536275
3536273
3536272
3536271
3536270
3536269
3536267
3536266
3536265
3536264
3536261
3536260
3536257
3536255
3536254
3536253
3536252
3536250
3536249
3536248
3536247
3536246
3536245
3536244
3536243
3536242
3536241
3536240
3536238
3536236
3536235
3536234
3536231
3536228
3536223
3536221
3536220
3536218
3536217
3536215
3536214
3536213
3536209
3536208
3536207
3536206
3536202
3536201
3536200
3536199
3536197
3536195
3536194
3536193
3536191
3536189
3536188
3536187
3536185
3536183
3536181
3536180
3536179
3536178
3536177
3536176
3536175
3536174
3536173
3536172
3536171
3536169
3536168
3536167
3536165
3536164
3536163
3536161
3536160
3536159
3536158
3536157
3536156
3536154
3536152
3536151
3536150
3536149
3536148
3536147
3536145
3536144
3536142
3536141
3536138
3536137
3536136
3536135
3536134
3536132
3536131
3536130
3536129
3536128
3536127
3536126
3536125
3536124
3536123
3536122
3536121
3536120
3536119
3536118
3536115
3536113
3536112
3536111
3536110
3536108
3536106
3536105
3536104
3536103
3536101
3536100
3536098
3536095
3536094
3536093
3536092
3536090
3536089
3536087
3536086
3536084
3536083
3536081
3536079
3536078
3536075
3536069
3536062
3504746
3499420
3499201
3498983
3497432
3496607
3495225
3495071
3494958
3494950
3494933
3494909
3494904
3494899
3494897
3494892
3494869
3494862
3494855
3494841
3494830
3494823
3494799
3494795
3494793
3494784
3494783
3494781
3494778
3494769
3494762
3494757
3494729
3494723
3494715
3494695
3494684
3494679
3494644
3494623
3494622
3494616
3494612
3494611
3494605
3494598
3494566
3494442
3494435
3494121
3493959
3493839
3493794
3493711
3493610
3493438
3493160
3493049
3493034
3492932
3492894
3492860
3492705
3492501
3492346
3492301
3492168
3491944
3491939
3491787
3491734
3491718
3491691
3491412
3491360
3491170
3491042
3490976
3490762
3490734
3490487
3490457
3490449
3490384
3490337
3490311
3490305
3490225
3490079
3489856
3489778
3489481
3489393
3489318
3489313
3489297
3489291
3489278
3489174
3489166
3489097
3488974
3488915
3488896
3488696
3488611
3488244
3488220
3487782
3487758
3487261
3486866
3486862
3486709
3486552
3486505
3486412
3485939
3485209
3484239
3484072
3481873
3481812
3479423
3474598
3473950
3473706
3472857
3472722
3472691
3472680
3472452
3472447
3472253
3472106
3472034
3471704
3471701
3471678
3471482
3471299
3471112
3471057
3470283
3470042
3469851
3469820
3469673
3469644
3469395
3469268
3469258
3469194
3469065
3468950
3468787
3468708
3468641
3468585
3468567
3468482
3468443
3468379
3468368
3468282
3468275
3468269
3468254
3468202
3468150
3468083
3467991
3467923
3467866
3467782
3467703
3467616
3467524
3467508
3467416
3467408
3467378
3467204
3467077
3466749
3466603
3466516
3466515
3466485
3466383
3466282
3466239
3466199
3466155
3466079
3466053
3466044
3465891
3465872
3464889
3464734
3464264
3463958
3461057
3460860
3460765
3460463
3460418
3460390
3460382
3460357
3460352
3460260
3460244
3460235
3460221
3460219
3460205
3460183
3460171
3460149
3460138
3460136
3460054
3460045
3460040
3460031
3460006
3459995
3459649
3459505
3459419
3459370
3459320
3459279
3459269
3459211
3459131
3459113
3459087
3459085
3459018
3458871
3458698
3458689
3458666
3458551
3458511
3458483
3458378
3458374
3457993
3457602
3457568
3457439
3457426
3457379
3457362
3457340
3457291
3457209
3457000
3456899
3456835
3456827
3456811
3456760
3456755
3456693
3456660
3456494
3456487
3456464
3456292
3456288
3456258
3456186
3456125
3456072
3455902
3455889
3455734
3455690
3455537
3455363
3454698
3453147
3452189
3451298
3451066
3450831
3450688
3450303
3448924
3448446
3448287
3448176
3448168
3447999
3447326
3447179
3446001
3445962
3445275
3444082
3443962
3443794
3443550
3443235
3443074
3442586
3442528
3440765
3440351
3440308
3437854
3435897
3435702
3435475
3435206
3434853
3433757
3432550
3431188
3429160
3428859
3428519
3427777
3427556
3427342
3424666
3423571
3421256
3417598
3399262
3399244
3399225
3392893
3392277
3392209
3391480
3391455
3390987
3390148
3388841
3388837
3388825
3388675
3386080
3385315
3384028
3381841
3379631
3376999
3374251
3372945
3370029
3369562
3368814
3368042
3367915
3366274
