3555263
3568403
3574185
3578915
3582519
3586851
3588653
3589634
3589714
3590054
3590140
3590264
3590468
3590573
3590850
3590936
3591000
3591006
3591072
3591304
3592601
3593007
3593582
3593946
3594321
3594602
3594787
3594838
3594914
3594946
3595332
3596373
3597185
3597401
3597880
3597918
3598118
3598467
3598837
3598955
3599212
3600421
3600623
3601173
3601417
3602970
3603156
3603355
3603712
3603993
3604018
3604385
3604841
3605458
3605717
3606511
3607277
3607349
3607427
3609065
3609121
3609433
3609608
3610109
3610130
3610379
3611700
3612620
3613040
3613109
3613296
3614185
3615598
3616210
999004855
999005042
999005188