3504746
3499420
3499201
3498983
3497432
3496607
3495225
3495071
3494958
3494950
3494933
3494909
3494904
3494899
3494897
3494892
3494869
3494862
3494855
3494841
3494830
3494823
3494799
3494795
3494793
3494784
3494783
3494781
3494778
3494769
3494762
3494757
3494729
3494723
3494715
3494679
3494695
3494684
3494644
3494623
3494622
3494616
3494612
3494611
3494605
3494598
3494566
3494442
3494435
3494121
3493959
3493839
3493794
3493711
999003259
3493610
3493438
3493160
3493049
3493034
3492932
3492894
3492860
3492705
3492501
3492346
3492301
3492168
3491939
3491944
3491787
3491734
3491718
3491691
3491412
3491360
3491170
3491042
3490976
3490762
3490734
3490487
3490457
3490449
3490384
3490337
3490311
3490305
3490225
3490079
3489856
3489778
3489481
3489393
3489318
3489313
3489297
3489291
3489278
3489174
3489166
3489097
3488974
3488915
3488896
3488696
3488611
3488244
3488220
3487782
3487758
3443074
3487261
3486866
3486862
3486709
3486552
3486505
3486412
3485939
3485209
3484239
3484072
3481873
3481812
3479423
3474598
3473950
3473706
3472857
3472722
3472691
3472680
3472452
3472447
999002941
3472253
3472106
3472034
3471704
3471701
3471678
3471482
3471299
3471112
3471057
3470283
3470042
3469851
3469820
3469673
3469644
3469395
3469268
3469258
3469194
3469065
3468950
3468787
3468708
3468641
3468585
3468567
3468482
3468443
3468379
3468368
3468282
3468269
3468275
3468254
3468202
3468150
3468083
3467991
3467923
3467866
3467782
3467703
3467616
3467524
3467508
3467416
3467408
3467378
3467204
3467077
3466749
3466603
3466516
3466515
3466485
3466383
3466282
3466239
3466199
3466155
3466079
3466044
3466053
3465891
3465872
3464889
3464734
3464264
3463958
3461057
3460860
3460765
3460463
3460418
3460390
3460382
3460357
3460352
3460260
3460244
3460235
3460205
3460221
3460219
3460183
3460171
3460149
3460136
3460138
3460054
3460045
3460040
3460031
3460006
3459995
3459649
3459505
3459419
3459370
3459320
3459279
3459269
3459211
3459131
3459113
3459087
3459085
3459018
3458871
3458698
3458689
3458666
3458551
3458511
3458483
3458378
3458374
3451501
3457993
3457602
3457568
3457439
3457426
3457379
3457362
3457340
3457291
3457209
3457000
3456899
3456835
3456827
3456811
3456760
3456755
3456693
3456660
3435702
3456494
3456487
3456464
3456292
3456288
3456258
3456186
3456125
3456072
3455902
3455889
3455734
3455690
3455537
3455363
3454698
3453147
3452189
3451298
3451066
3450831
3450688
3450303
3448924
3448446
3448287
3448176
3448168
3447999
3447326
3447179
3446001
3445962
3445275
3444082
3443962
3443794
3443550
3443235
3442586
3442528
3440765
999002746
3440351
3440308
3439217
3433470
3437854
3435897
3435475
3435206
3434853
3433757
3432550
3431188
3429160
3428859
3428519
3427777
3427556
3427342
3424666
3423571
3421256
3414966
3417598
3416330
3414338
3413228
3410603
3410237
3409649
3408001
3407979
3406589
3404452
3404070
3399262
3399244
3399225
3392893
3392277
3392209
3391480
3391455
3390987
3390148
3388841
3388837
3388825
3387160
3388675
3386080
3385315
3384028
3381841
3379631
3376999
3374251
3372945
3370029
3369562
3368814
3368042
3367915
3356312
3366274
3364155