3365223
3390856
3391765
3396953
3399645
3404563
3410003
3413839
3416121
3416489
3421850
3427663
3428504
3435321
3444846
3457360
3464111
3469107
3478589
3484528
3487784
3490820
3492095
3496980
3534298
3535594
3535767
3536555
3537607
3538455
3538466
3538958
3539250
3539576
3539878
3541593
3541598
3544522
3546648
3548106
3548585
3548796
3549881
3550777
3551917
3552800
3553885
3554800
3554857
3555044
3555263
3556204
3556239
3556327
3556443
3556563
3557207
3558897
3560092
3560489
3560904
3561001
3561348
3561899
3562349
3562606
3562856
3563829
3565510
3567544
3568403
3568777
3568966
3569908
3570806
3571114
3571121
3571238
3571809
3571975
3572743
3572875
3573050
3573073
3573074
3573196
3573310
3573545
3574314
3574808
3576206
3576860
3577642
3577858
3578243
3578824
3578915
3579150
3579796
3581730
3582401
3585805
3588653
3590850
3590936
3591006
3591072
3594787
999004264
999004464
999004495
999004855
999005042
999005188